259 -10
-160 -616
-317 -1011
9 -1470
21 -1704
-61 -2176
217 -2554
-650 -2958
-680 -2477
-540 -2035
-500 -1708
-551 -1261
-1010 -1516
-1020 -1933
-1112 -2346
-1449 -2058
-1439 -1693
-1785 -1758
-2162 -1989
-2071 -1454
-1702 -1280
-1418 -1187
-1052 -937
-846 -610
-1359 -428
-1649 -698
-2037 -907
-2275 -1038
-2467 -646
-2958 -268
-2604 -222
-2074 -402
-1804 -167
-2128 50
-2574 250
-2498 668
-2070 531
-1785 371
-1381 148
-1018 -10
-646 -172
-172 -255
-138 247
-470 465
-796 607
-1186 687
-1607 909
-1874 974
-2380 1122
-2496 1449
-2036 1423
-1698 1445
-1849 1871
-1464 2104
-1304 1732
-1244 1272
-873 1191
-768 1527
-866 1946
-1085 2351
-1189 2750
-640 2466
-206 2536
-427 2112
-289 1725
-280 1394
-347 1052
180 661
308 903
281 1366
242 1744
542 2084
69 2131
237 2612
664 2950
660 2468
1133 2366
1028 1979
771 1666
792 1091
1233 1367
1436 1662
1509 2133
1843 1849
2244 1995
2144 1492
1720 1299
1563 936
1271 717
810 593
656 157
967 13
1444 140
1691 425
2062 412
2002 885
2268 1052
2473 635
2630 222
2577 -247
2417 -653
2042 -539
2091 -61
1825 -103
1295 -411
1667 -610
1882 -967
2291 -1088
2565 -1493
2150 -1510
1712 -1444
1852 -1869
1443 -2063
1363 -1812
1087 -1505
1445 -1114
1094 -978
901 -653
475 -472
309 -961
600 -1324
566 -1656
907 -2050
1067 -2274
1187 -2742
643 -2480
408 -2064
-253 -2575